score: 70.332381
duration: 2267.394987
